77
23 220058874901
46 1
60 1
3 1
26 18367353099786
20 1908194701
32 55534064877050494
98 907520000000000001
5 74191
27 69533550970973
42 1
25 4861946407981
13 149201
23 106094699551
61 1
2 3
31 14544636039227194
85 1
33 212336130412248753
67 1
3 2
26 18367353074038
34 812944042149732730
66 320000000000000001
23 343059613782
79 1
25 4861946404319
28 60833376371321
6 11
32 20737418623473259
5 23
91 1
27 53837010992325
8 62203
43 1
11 15905
3 4
3 3
9 1168
2 1
93 1
28 263747951755139
5 8
54 1
19 1767342507
1 1
5 34
11 11075
42 1
79 1
29 1002242216656365
22 91482565879
16 30804301
30 3814986502097088
91 861760000000000001
20 6564126892
10 7179
75 600000000000000001
1 2
24 1289904154486
8 129
90 200000000000000001
3 5
8 742
2 2
12 105505
83 456640000000000001
96 1
100 1000000000000000000
28 244743027338321
21 24466271305
27 69533550917653
24 530540063425
14 962281
26 18367353110035
3 6
18 367831801
