97
8 395
5 8
8 850
3 5
5 28195
2 1
6 8556
7 6263
5 22
8 1213
6 98
8 6036
10 17972
9 3703
4 3
3 4
4 1
6 317
9 3715
5 60672
9 8051
8 1476
9 5634
10 21238
5 11
4 14
5 4506
7 2550
10 22189
1 1
10 100000
6 120
6 53
7 296
3 2
6 48
10 2610
5 2580
5 17
6 120
8 3058
8 5293
10 12908
3 6
6 51
6 47
5 6
6 9132
7 26
7 268
4 7021
8 60384
9 1333
9 2802
9 1160
6 2225
4 5
9 2710
4 5
8 71442
5 10664
8 449
4 73690
8 198
1 2
5 31
9 1416
8 70177
6 37
5 24
3 1
5 15
7 71787
9 1403
9 3296
6 4
8 619
4 3811
6 49484
4 7
4 8
4 3
3 3
8 1117
8 276
4 12
7 378
2 2
4 4
5 23815
6 101
6 38
2 3
8 414
9 10268
9 4522
4 4
